2 1 0.01
2 2 0.0
2 3 0.0
2 4 0.0
3 1 0.01
3 2 0.0
3 3 0.0
3 4 0.0
4 1 0.0
4 2 0.0
4 3 0.0
4 4 0.0
5 1 0.0
5 2 0.01
5 3 0.0
5 4 0.0
6 1 0.01
6 2 0.01
6 3 0.0
6 4 0.01
7 1 0.03
7 2 0.02
7 3 0.02
7 4 0.03
8 1 0.05
8 2 0.06
8 3 0.06
8 4 0.06
9 1 0.15
9 2 0.14
9 3 0.15
9 4 0.15
10 1 0.39
10 2 0.38
10 3 0.39
10 4 0.39
11 1 1.02
11 2 1.02
11 3 1.03
11 4 1.03
12 1 3.0
12 2 3.0
12 3 2.99
12 4 2.94
13 1 12.64
13 2 12.21
13 3 12.21
13 4 12.08
14 1 70.93
14 2 70.18
14 3 69.93
14 4 69.41
15 1 650.95
15 2 605.79
15 3 606.78
15 4 604.25
